   1.0000000e+00   8.9890000e-01
   2.0000000e+00   8.9885000e-01
   3.0000000e+00   8.9873333e-01
   4.0000000e+00   8.9862500e-01
   5.0000000e+00   8.9884000e-01
   6.0000000e+00   8.9846667e-01
   7.0000000e+00   8.9844286e-01
   8.0000000e+00   8.9850000e-01
   9.0000000e+00   8.9852222e-01
   1.0000000e+01   8.9851000e-01
   1.1000000e+01   8.9842727e-01
   1.2000000e+01   8.9827500e-01
   1.3000000e+01   8.9828462e-01
   1.4000000e+01   8.9831429e-01
   1.5000000e+01   8.9833333e-01
   1.6000000e+01   8.9831250e-01
   1.7000000e+01   8.9831176e-01
   1.8000000e+01   8.9834444e-01
   1.9000000e+01   8.9834737e-01
   2.0000000e+01   8.9834500e-01
   2.1000000e+01   8.9832857e-01
   2.2000000e+01   8.9834545e-01
   2.3000000e+01   8.9834783e-01
   2.4000000e+01   8.9829583e-01
   2.5000000e+01   8.9827600e-01
   2.6000000e+01   8.9828077e-01
   2.7000000e+01   8.9834074e-01
   2.8000000e+01   8.9837857e-01
   2.9000000e+01   8.9837931e-01
   3.0000000e+01   8.9840000e-01
   3.1000000e+01   8.9838710e-01
   3.2000000e+01   8.9840000e-01
   3.3000000e+01   8.9836061e-01
   3.4000000e+01   8.9835588e-01
   3.5000000e+01   8.9835429e-01
   3.6000000e+01   8.9835000e-01
   3.7000000e+01   8.9834595e-01
   3.8000000e+01   8.9835263e-01
   3.9000000e+01   8.9833846e-01
   4.0000000e+01   8.9832250e-01
   4.1000000e+01   8.9832683e-01
   4.2000000e+01   8.9832857e-01
   4.3000000e+01   8.9833721e-01
   4.4000000e+01   8.9836364e-01
   4.5000000e+01   8.9835556e-01
   4.6000000e+01   8.9836739e-01
   4.7000000e+01   8.9836596e-01
   4.8000000e+01   8.9837917e-01
   4.9000000e+01   8.9835510e-01
   5.0000000e+01   8.9836200e-01
   5.1000000e+01   8.9838039e-01
   5.2000000e+01   8.9839615e-01
   5.3000000e+01   8.9840189e-01
   5.4000000e+01   8.9839815e-01
   5.5000000e+01   8.9839273e-01
   5.6000000e+01   8.9838393e-01
   5.7000000e+01   8.9840175e-01
   5.8000000e+01   8.9838621e-01
   5.9000000e+01   8.9837966e-01
   6.0000000e+01   8.9837833e-01
   6.1000000e+01   8.9838033e-01
   6.2000000e+01   8.9839516e-01
   6.3000000e+01   8.9837937e-01
   6.4000000e+01   8.9835312e-01
   6.5000000e+01   8.9835385e-01
   6.6000000e+01   8.9836667e-01
   6.7000000e+01   8.9838060e-01
   6.8000000e+01   8.9837941e-01
   6.9000000e+01   8.9839420e-01
   7.0000000e+01   8.9840286e-01
   7.1000000e+01   8.9840845e-01
   7.2000000e+01   8.9840000e-01
   7.3000000e+01   8.9839178e-01
   7.4000000e+01   8.9840135e-01
   7.5000000e+01   8.9840000e-01
   7.6000000e+01   8.9842895e-01
   7.7000000e+01   8.9842987e-01
   7.8000000e+01   8.9842949e-01
   7.9000000e+01   8.9842025e-01
   8.0000000e+01   8.9841875e-01
   8.1000000e+01   8.9841481e-01
   8.2000000e+01   8.9842439e-01
   8.3000000e+01   8.9842169e-01
   8.4000000e+01   8.9840595e-01
   8.5000000e+01   8.9840118e-01
   8.6000000e+01   8.9840814e-01
   8.7000000e+01   8.9841034e-01
   8.8000000e+01   8.9841364e-01
   8.9000000e+01   8.9842697e-01
   9.0000000e+01   8.9842444e-01
   9.1000000e+01   8.9841319e-01
   9.2000000e+01   8.9841413e-01
   9.3000000e+01   8.9841613e-01
   9.4000000e+01   8.9841277e-01
   9.5000000e+01   8.9842105e-01
   9.6000000e+01   8.9840625e-01
   9.7000000e+01   8.9840722e-01
   9.8000000e+01   8.9841531e-01
   9.9000000e+01   8.9840404e-01
   1.0000000e+02   8.9841400e-01
   1.0100000e+02   8.9841287e-01
   1.0200000e+02   8.9841078e-01
   1.0300000e+02   8.9841359e-01
   1.0400000e+02   8.9843077e-01
   1.0500000e+02   8.9843810e-01
   1.0600000e+02   8.9843113e-01
   1.0700000e+02   8.9842991e-01
   1.0800000e+02   8.9842778e-01
   1.0900000e+02   8.9843028e-01
   1.1000000e+02   8.9842182e-01
   1.1100000e+02   8.9841712e-01
   1.1200000e+02   8.9841696e-01
   1.1300000e+02   8.9841858e-01
   1.1400000e+02   8.9841842e-01
   1.1500000e+02   8.9842087e-01
   1.1600000e+02   8.9842069e-01
   1.1700000e+02   8.9843248e-01
   1.1800000e+02   8.9842119e-01
   1.1900000e+02   8.9842017e-01
   1.2000000e+02   8.9842333e-01
   1.2100000e+02   8.9842562e-01
   1.2200000e+02   8.9842459e-01
   1.2300000e+02   8.9843171e-01
   1.2400000e+02   8.9823710e-01
   1.2500000e+02   8.9824480e-01
   1.2600000e+02   8.9824127e-01
   1.2700000e+02   8.9824961e-01
   1.2800000e+02   8.9824922e-01
   1.2900000e+02   8.9824729e-01
   1.3000000e+02   8.9825308e-01
   1.3100000e+02   8.9826183e-01
   1.3200000e+02   8.9827045e-01
   1.3300000e+02   8.9827744e-01
   1.3400000e+02   8.9827761e-01
   1.3500000e+02   8.9828000e-01
   1.3600000e+02   8.9827500e-01
   1.3700000e+02   8.9826861e-01
   1.3800000e+02   8.9827029e-01
   1.3900000e+02   8.9827122e-01
   1.4000000e+02   8.9826071e-01
   1.4100000e+02   8.9826312e-01
   1.4200000e+02   8.9826127e-01
   1.4300000e+02   8.9826364e-01
   1.4400000e+02   8.9826389e-01
   1.4500000e+02   8.9827103e-01
   1.4600000e+02   8.9826986e-01
   1.4700000e+02   8.9827959e-01
   1.4800000e+02   8.9827027e-01
   1.4900000e+02   8.9828121e-01
   1.5000000e+02   8.9828333e-01
   1.5100000e+02   8.9828146e-01
   1.5200000e+02   8.9827039e-01
   1.5300000e+02   8.9827647e-01
   1.5400000e+02   8.9827403e-01
   1.5500000e+02   8.9827355e-01
   1.5600000e+02   8.9827885e-01
   1.5700000e+02   8.9825860e-01
   1.5800000e+02   8.9825696e-01
   1.5900000e+02   8.9825849e-01
   1.6000000e+02   8.9825750e-01
   1.6100000e+02   8.9825155e-01
   1.6200000e+02   8.9824568e-01
   1.6300000e+02   8.9825583e-01
   1.6400000e+02   8.9825366e-01
   1.6500000e+02   8.9824727e-01
   1.6600000e+02   8.9825361e-01
   1.6700000e+02   8.9825090e-01
   1.6800000e+02   8.9824881e-01
   1.6900000e+02   8.9824852e-01
   1.7000000e+02   8.9825588e-01
   1.7100000e+02   8.9825848e-01
   1.7200000e+02   8.9825872e-01
   1.7300000e+02   8.9825896e-01
   1.7400000e+02   8.9824138e-01
   1.7500000e+02   8.9823943e-01
   1.7600000e+02   8.9823864e-01
   1.7700000e+02   8.9823672e-01
   1.7800000e+02   8.9824101e-01
   1.7900000e+02   8.9823520e-01
   1.8000000e+02   8.9823611e-01
   1.8100000e+02   8.9824199e-01
   1.8200000e+02   8.9824121e-01
   1.8300000e+02   8.9823825e-01
   1.8400000e+02   8.9824402e-01
   1.8500000e+02   8.9824378e-01
   1.8600000e+02   8.9824785e-01
   1.8700000e+02   8.9824439e-01
   1.8800000e+02   8.9824628e-01
   1.8900000e+02   8.9824815e-01
   1.9000000e+02   8.9824842e-01
   1.9100000e+02   8.9824398e-01
   1.9200000e+02   8.9823802e-01
   1.9300000e+02   8.9823575e-01
   1.9400000e+02   8.9823763e-01
   1.9500000e+02   8.9823538e-01
   1.9600000e+02   8.9823980e-01
   1.9700000e+02   8.9823503e-01
   1.9800000e+02   8.9823687e-01
   1.9900000e+02   8.9823970e-01
   2.0000000e+02   8.9824050e-01
   2.0100000e+02   8.9824378e-01
   2.0200000e+02   8.9823713e-01
   2.0300000e+02   8.9823054e-01
   2.0400000e+02   8.9822598e-01
   2.0500000e+02   8.9822634e-01
   2.0600000e+02   8.9822718e-01
   2.0700000e+02   8.9822464e-01
   2.0800000e+02   8.9822404e-01
   2.0900000e+02   8.9822488e-01
   2.1000000e+02   8.9822429e-01
   2.1100000e+02   8.9822464e-01
   2.1200000e+02   8.9822689e-01
   2.1300000e+02   8.9823005e-01
   2.1400000e+02   8.9823131e-01
   2.1500000e+02   8.9822698e-01
   2.1600000e+02   8.9822222e-01
   2.1700000e+02   8.9821935e-01
   2.1800000e+02   8.9822248e-01
   2.1900000e+02   8.9822374e-01
   2.2000000e+02   8.9822727e-01
   2.2100000e+02   8.9823122e-01
   2.2200000e+02   8.9822748e-01
   2.2300000e+02   8.9823139e-01
   2.2400000e+02   8.9822991e-01
   2.2500000e+02   8.9822311e-01
   2.2600000e+02   8.9822788e-01
   2.2700000e+02   8.9822731e-01
   2.2800000e+02   8.9822500e-01
   2.2900000e+02   8.9822707e-01
   2.3000000e+02   8.9822348e-01
   2.3100000e+02   8.9822468e-01
   2.3200000e+02   8.9822414e-01
   2.3300000e+02   8.9822361e-01
   2.3400000e+02   8.9822692e-01
   2.3500000e+02   8.9823191e-01
   2.3600000e+02   8.9823136e-01
   2.3700000e+02   8.9823713e-01
   2.3800000e+02   8.9823655e-01
   2.3900000e+02   8.9823347e-01
   2.4000000e+02   8.9823458e-01
   2.4100000e+02   8.9823444e-01
   2.4200000e+02   8.9822893e-01
   2.4300000e+02   8.9822140e-01
   2.4400000e+02   8.9821885e-01
   2.4500000e+02   8.9822327e-01
   2.4600000e+02   8.9822317e-01
   2.4700000e+02   8.9821943e-01
   2.4800000e+02   8.9821613e-01
   2.4900000e+02   8.9822088e-01
   2.5000000e+02   8.9822080e-01
   2.5100000e+02   8.9822789e-01
   2.5200000e+02   8.9822500e-01
   2.5300000e+02   8.9822609e-01
   2.5400000e+02   8.9822047e-01
   2.5500000e+02   8.9821922e-01
   2.5600000e+02   8.9821602e-01
   2.5700000e+02   8.9821245e-01
   2.5800000e+02   8.9821163e-01
   2.5900000e+02   8.9821004e-01
   2.6000000e+02   8.9821192e-01
   2.6100000e+02   8.9821609e-01
   2.6200000e+02   8.9821679e-01
   2.6300000e+02   8.9821749e-01
   2.6400000e+02   8.9821970e-01
   2.6500000e+02   8.9821472e-01
   2.6600000e+02   8.9821880e-01
   2.6700000e+02   8.9821760e-01
   2.6800000e+02   8.9821418e-01
   2.6900000e+02   8.9821227e-01
   2.7000000e+02   8.9820741e-01
   2.7100000e+02   8.9820443e-01
   2.7200000e+02   8.9820882e-01
   2.7300000e+02   8.9820879e-01
   2.7400000e+02   8.9820474e-01
   2.7500000e+02   8.9820255e-01
   2.7600000e+02   8.9820290e-01
   2.7700000e+02   8.9820144e-01
   2.7800000e+02   8.9820252e-01
   2.7900000e+02   8.9819892e-01
   2.8000000e+02   8.9820000e-01
   2.8100000e+02   8.9820107e-01
   2.8200000e+02   8.9820284e-01
   2.8300000e+02   8.9820742e-01
   2.8400000e+02   8.9820775e-01
   2.8500000e+02   8.9820982e-01
   2.8600000e+02   8.9820629e-01
   2.8700000e+02   8.9820209e-01
   2.8800000e+02   8.9820035e-01
   2.8900000e+02   8.9820069e-01
   2.9000000e+02   8.9820414e-01
   2.9100000e+02   8.9820137e-01
   2.9200000e+02   8.9820377e-01
   2.9300000e+02   8.9820341e-01
   2.9400000e+02   8.9820476e-01
   2.9500000e+02   8.9820746e-01
   2.9600000e+02   8.9820777e-01
   2.9700000e+02   8.9820943e-01
   2.9800000e+02   8.9821208e-01
   2.9900000e+02   8.9820736e-01
   3.0000000e+02   8.9820500e-01
   3.0100000e+02   8.9820598e-01
   3.0200000e+02   8.9820000e-01
   3.0300000e+02   8.9819868e-01
   3.0400000e+02   8.9819868e-01
   3.0500000e+02   8.9819869e-01
   3.0600000e+02   8.9819542e-01
   3.0700000e+02   8.9819739e-01
   3.0800000e+02   8.9819870e-01
   3.0900000e+02   8.9819320e-01
   3.1000000e+02   8.9819032e-01
   3.1100000e+02   8.9819100e-01
   3.1200000e+02   8.9819103e-01
   3.1300000e+02   8.9818978e-01
   3.1400000e+02   8.9818917e-01
   3.1500000e+02   8.9819111e-01
   3.1600000e+02   8.9819082e-01
   3.1700000e+02   8.9818517e-01
   3.1800000e+02   8.9818774e-01
   3.1900000e+02   8.9818621e-01
   3.2000000e+02   8.9818562e-01
   3.2100000e+02   8.9818816e-01
   3.2200000e+02   8.9818634e-01
   3.2300000e+02   8.9818452e-01
   3.2400000e+02   8.9818457e-01
   3.2500000e+02   8.9818862e-01
   3.2600000e+02   8.9818681e-01
   3.2700000e+02   8.9818593e-01
   3.2800000e+02   8.9818689e-01
   3.2900000e+02   8.9818328e-01
   3.3000000e+02   8.9818091e-01
   3.3100000e+02   8.9818731e-01
   3.3200000e+02   8.9818434e-01
   3.3300000e+02   8.9817628e-01
   3.3400000e+02   8.9818114e-01
   3.3500000e+02   8.9818299e-01
   3.3600000e+02   8.9817976e-01
   3.3700000e+02   8.9818279e-01
   3.3800000e+02   8.9818225e-01
   3.3900000e+02   8.9818053e-01
   3.4000000e+02   8.9817765e-01
   3.4100000e+02   8.9818182e-01
   3.4200000e+02   8.9818012e-01
   3.4300000e+02   8.9818047e-01
   3.4400000e+02   8.9817994e-01
   3.4500000e+02   8.9817971e-01
   3.4600000e+02   8.9817919e-01
   3.4700000e+02   8.9817579e-01
   3.4800000e+02   8.9817701e-01
   3.4900000e+02   8.9817622e-01
   3.5000000e+02   8.9817714e-01
   3.5100000e+02   8.9817521e-01
   3.5200000e+02   8.9817330e-01
   3.5300000e+02   8.9817054e-01
   3.5400000e+02   8.9817203e-01
   3.5500000e+02   8.9817352e-01
   3.5600000e+02   8.9817079e-01
   3.5700000e+02   8.9817115e-01
   3.5800000e+02   8.9817402e-01
   3.5900000e+02   8.9817493e-01
   3.6000000e+02   8.9817250e-01
   3.6100000e+02   8.9817313e-01
   3.6200000e+02   8.9817265e-01
   3.6300000e+02   8.9817438e-01
   3.6400000e+02   8.9817418e-01
   3.6500000e+02   8.9817425e-01
   3.6600000e+02   8.9817322e-01
   3.6700000e+02   8.9817738e-01
   3.6800000e+02   8.9817310e-01
   3.6900000e+02   8.9816233e-01
   3.7000000e+02   8.9816162e-01
   3.7100000e+02   8.9816119e-01
   3.7200000e+02   8.9815968e-01
   3.7300000e+02   8.9815496e-01
   3.7400000e+02   8.9815615e-01
   3.7500000e+02   8.9815440e-01
   3.7600000e+02   8.9815319e-01
   3.7700000e+02   8.9815252e-01
   3.7800000e+02   8.9815026e-01
   3.7900000e+02   8.9814591e-01
   3.8000000e+02   8.9814526e-01
   3.8100000e+02   8.9814304e-01
   3.8200000e+02   8.9814241e-01
   3.8300000e+02   8.9813708e-01
   3.8400000e+02   8.9813906e-01
   3.8500000e+02   8.9813662e-01
   3.8600000e+02   8.9813420e-01
   3.8700000e+02   8.9813514e-01
   3.8800000e+02   8.9813222e-01
   3.8900000e+02   8.9813316e-01
   3.9000000e+02   8.9813128e-01
   3.9100000e+02   8.9812737e-01
   3.9200000e+02   8.9812449e-01
   3.9300000e+02   8.9812519e-01
   3.9400000e+02   8.9812614e-01
   3.9500000e+02   8.9812759e-01
   3.9600000e+02   8.9812929e-01
   3.9700000e+02   8.9812922e-01
   3.9800000e+02   8.9812789e-01
   3.9900000e+02   8.9813033e-01
   4.0000000e+02   8.9813150e-01
   4.0100000e+02   8.9813342e-01
   4.0200000e+02   8.9813308e-01
   4.0300000e+02   8.9813226e-01
   4.0400000e+02   8.9813069e-01
   4.0500000e+02   8.9812914e-01
   4.0600000e+02   8.9812512e-01
   4.0700000e+02   8.9812383e-01
   4.0800000e+02   8.9812426e-01
   4.0900000e+02   8.9812249e-01
   4.1000000e+02   8.9812146e-01
   4.1100000e+02   8.9812263e-01
   4.1200000e+02   8.9812160e-01
   4.1300000e+02   8.9811889e-01
   4.1400000e+02   8.9812101e-01
   4.1500000e+02   8.9812313e-01
   4.1600000e+02   8.9812212e-01
   4.1700000e+02   8.9812254e-01
   4.1800000e+02   8.9812249e-01
   4.1900000e+02   8.9811981e-01
   4.2000000e+02   8.9811976e-01
   4.2100000e+02   8.9812019e-01
   4.2200000e+02   8.9812227e-01
   4.2300000e+02   8.9812080e-01
   4.2400000e+02   8.9812123e-01
   4.2500000e+02   8.9812212e-01
   4.2600000e+02   8.9812254e-01
   4.2700000e+02   8.9812389e-01
   4.2800000e+02   8.9812453e-01
   4.2900000e+02   8.9812448e-01
   4.3000000e+02   8.9812372e-01
   4.3100000e+02   8.9812088e-01
   4.3200000e+02   8.9811921e-01
   4.3300000e+02   8.9811824e-01
   4.3400000e+02   8.9811866e-01
   4.3500000e+02   8.9811908e-01
   4.3600000e+02   8.9811789e-01
   4.3700000e+02   8.9811556e-01
   4.3800000e+02   8.9811530e-01
   4.3900000e+02   8.9811458e-01
   4.4000000e+02   8.9811500e-01
   4.4100000e+02   8.9811837e-01
   4.4200000e+02   8.9811991e-01
   4.4300000e+02   8.9812122e-01
   4.4400000e+02   8.9812297e-01
   4.4500000e+02   8.9812292e-01
   4.4600000e+02   8.9812220e-01
   4.4700000e+02   8.9812036e-01
   4.4800000e+02   8.9812054e-01
   4.4900000e+02   8.9812116e-01
   4.5000000e+02   8.9812422e-01
   4.5100000e+02   8.9812461e-01
   4.5200000e+02   8.9812190e-01
   4.5300000e+02   8.9812472e-01
   4.5400000e+02   8.9812533e-01
   4.5500000e+02   8.9812308e-01
   4.5600000e+02   8.9812259e-01
   4.5700000e+02   8.9812188e-01
   4.5800000e+02   8.9812293e-01
   4.5900000e+02   8.9812484e-01
   4.6000000e+02   8.9812174e-01
   4.6100000e+02   8.9812104e-01
   4.6200000e+02   8.9812143e-01
   4.6300000e+02   8.9812311e-01
   4.6400000e+02   8.9812198e-01
   4.6500000e+02   8.9812366e-01
   4.6600000e+02   8.9812425e-01
   4.6700000e+02   8.9812163e-01
   4.6800000e+02   8.9812350e-01
   4.6900000e+02   8.9812644e-01
   4.7000000e+02   8.9812660e-01
   4.7100000e+02   8.9812696e-01
   4.7200000e+02   8.9812818e-01
   4.7300000e+02   8.9812960e-01
   4.7400000e+02   8.9812679e-01
   4.7500000e+02   8.9812758e-01
   4.7600000e+02   8.9812605e-01
   4.7700000e+02   8.9812851e-01
   4.7800000e+02   8.9812992e-01
   4.7900000e+02   8.9812985e-01
   4.8000000e+02   8.9813062e-01
   4.8100000e+02   8.9813222e-01
   4.8200000e+02   8.9813091e-01
   4.8300000e+02   8.9812836e-01
   4.8400000e+02   8.9812893e-01
   4.8500000e+02   8.9812887e-01
   4.8600000e+02   8.9813004e-01
   4.8700000e+02   8.9812977e-01
   4.8800000e+02   8.9813012e-01
   4.8900000e+02   8.9812986e-01
   4.9000000e+02   8.9812918e-01
   4.9100000e+02   8.9812729e-01
   4.9200000e+02   8.9812541e-01
   4.9300000e+02   8.9812556e-01
   4.9400000e+02   8.9812449e-01
   4.9500000e+02   8.9812465e-01
   4.9600000e+02   8.9812480e-01
   4.9700000e+02   8.9812555e-01
   4.9800000e+02   8.9812691e-01
   4.9900000e+02   8.9812645e-01
   5.0000000e+02   8.9812460e-01
   5.0100000e+02   8.9812455e-01
   5.0200000e+02   8.9812629e-01
   5.0300000e+02   8.9812664e-01
   5.0400000e+02   8.9812520e-01
   5.0500000e+02   8.9812673e-01
   5.0600000e+02   8.9812490e-01
   5.0700000e+02   8.9812426e-01
   5.0800000e+02   8.9812461e-01
   5.0900000e+02   8.9812554e-01
   5.1000000e+02   8.9812706e-01
   5.1100000e+02   8.9812603e-01
   5.1200000e+02   8.9812402e-01
   5.1300000e+02   8.9812359e-01
   5.1400000e+02   8.9812490e-01
   5.1500000e+02   8.9812369e-01
   5.1600000e+02   8.9812558e-01
   5.1700000e+02   8.9812805e-01
   5.1800000e+02   8.9812934e-01
   5.1900000e+02   8.9812832e-01
   5.2000000e+02   8.9812827e-01
   5.2100000e+02   8.9812706e-01
   5.2200000e+02   8.9812835e-01
   5.2300000e+02   8.9812620e-01
   5.2400000e+02   8.9812691e-01
   5.2500000e+02   8.9812590e-01
   5.2600000e+02   8.9811654e-01
   5.2700000e+02   8.9811632e-01
   5.2800000e+02   8.9811515e-01
   5.2900000e+02   8.9811531e-01
   5.3000000e+02   8.9811208e-01
   5.3100000e+02   8.9811262e-01
   5.3200000e+02   8.9811165e-01
   5.3300000e+02   8.9811201e-01
   5.3400000e+02   8.9811292e-01
   5.3500000e+02   8.9811271e-01
   5.3600000e+02   8.9811213e-01
   5.3700000e+02   8.9811117e-01
   5.3800000e+02   8.9811264e-01
   5.3900000e+02   8.9811262e-01
   5.4000000e+02   8.9811074e-01
   5.4100000e+02   8.9811017e-01
   5.4200000e+02   8.9810923e-01
   5.4300000e+02   8.9810663e-01
   5.4400000e+02   8.9810717e-01
   5.4500000e+02   8.9810826e-01
   5.4600000e+02   8.9810623e-01
   5.4700000e+02   8.9810713e-01
   5.4800000e+02   8.9810985e-01
   5.4900000e+02   8.9810838e-01
   5.5000000e+02   8.9810818e-01
   5.5100000e+02   8.9810835e-01
   5.5200000e+02   8.9810761e-01
   5.5300000e+02   8.9810850e-01
   5.5400000e+02   8.9810957e-01
   5.5500000e+02   8.9811045e-01
   5.5600000e+02   8.9811187e-01
   5.5700000e+02   8.9811400e-01
   5.5800000e+02   8.9811290e-01
   5.5900000e+02   8.9810984e-01
   5.6000000e+02   8.9810929e-01
   5.6100000e+02   8.9810570e-01
   5.6200000e+02   8.9810605e-01
   5.6300000e+02   8.9810391e-01
   5.6400000e+02   8.9810603e-01
   5.6500000e+02   8.9810513e-01
   5.6600000e+02   8.9810901e-01
   5.6700000e+02   8.9810917e-01
   5.6800000e+02   8.9810687e-01
   5.6900000e+02   8.9810299e-01
   5.7000000e+02   8.9810228e-01
   5.7100000e+02   8.9810140e-01
   5.7200000e+02   8.9810070e-01
   5.7300000e+02   8.9810000e-01
   5.7400000e+02   8.9810139e-01
   5.7500000e+02   8.9810157e-01
   5.7600000e+02   8.9810035e-01
   5.7700000e+02   8.9810208e-01
   5.7800000e+02   8.9810121e-01
   5.7900000e+02   8.9810242e-01
   5.8000000e+02   8.9810241e-01
   5.8100000e+02   8.9810207e-01
   5.8200000e+02   8.9810189e-01
   5.8300000e+02   8.9810051e-01
   5.8400000e+02   8.9809709e-01
   5.8500000e+02   8.9809812e-01
   5.8600000e+02   8.9809932e-01
   5.8700000e+02   8.9809796e-01
   5.8800000e+02   8.9809762e-01
   5.8900000e+02   8.9809762e-01
   5.9000000e+02   8.9809881e-01
   5.9100000e+02   8.9809814e-01
   5.9200000e+02   8.9809916e-01
   5.9300000e+02   8.9809848e-01
   5.9400000e+02   8.9809848e-01
   5.9500000e+02   8.9809748e-01
   5.9600000e+02   8.9809597e-01
   5.9700000e+02   8.9809397e-01
   5.9800000e+02   8.9809331e-01
   5.9900000e+02   8.9809482e-01
   6.0000000e+02   8.9809500e-01
   6.0100000e+02   8.9809451e-01
   6.0200000e+02   8.9809319e-01
   6.0300000e+02   8.9809502e-01
   6.0400000e+02   8.9809553e-01
   6.0500000e+02   8.9809405e-01
   6.0600000e+02   8.9809439e-01
   6.0700000e+02   8.9809522e-01
   6.0800000e+02   8.9809622e-01
   6.0900000e+02   8.9809557e-01
   6.1000000e+02   8.9809459e-01
   6.1100000e+02   8.9809345e-01
   6.1200000e+02   8.9809281e-01
   6.1300000e+02   8.9809299e-01
   6.1400000e+02   8.9809186e-01
   6.1500000e+02   8.9809301e-01
   6.1600000e+02   8.9809416e-01
   6.1700000e+02   8.9809611e-01
   6.1800000e+02   8.9809628e-01
   6.1900000e+02   8.9809515e-01
   6.2000000e+02   8.9809500e-01
   6.2100000e+02   8.9809227e-01
   6.2200000e+02   8.9809373e-01
   6.2300000e+02   8.9809374e-01
   6.2400000e+02   8.9809519e-01
   6.2500000e+02   8.9809488e-01
   6.2600000e+02   8.9809505e-01
   6.2700000e+02   8.9809506e-01
   6.2800000e+02   8.9809666e-01
   6.2900000e+02   8.9809587e-01
   6.3000000e+02   8.9809540e-01
   6.3100000e+02   8.9809540e-01
   6.3200000e+02   8.9809589e-01
   6.3300000e+02   8.9809605e-01
   6.3400000e+02   8.9809669e-01
   6.3500000e+02   8.9809764e-01
   6.3600000e+02   8.9809733e-01
   6.3700000e+02   8.9809717e-01
   6.3800000e+02   8.9809749e-01
   6.3900000e+02   8.9809671e-01
   6.4000000e+02   8.9809797e-01
   6.4100000e+02   8.9809782e-01
   6.4200000e+02   8.9809751e-01
   6.4300000e+02   8.9809565e-01
   6.4400000e+02   8.9809643e-01
   6.4500000e+02   8.9809752e-01
   6.4600000e+02   8.9809845e-01
   6.4700000e+02   8.9809876e-01
   6.4800000e+02   8.9809938e-01
   6.4900000e+02   8.9810139e-01
   6.5000000e+02   8.9810338e-01
   6.5100000e+02   8.9810415e-01
   6.5200000e+02   8.9810537e-01
   6.5300000e+02   8.9810628e-01
   6.5400000e+02   8.9810780e-01
   6.5500000e+02   8.9810702e-01
   6.5600000e+02   8.9810747e-01
   6.5700000e+02   8.9810685e-01
   6.5800000e+02   8.9810517e-01
   6.5900000e+02   8.9810425e-01
   6.6000000e+02   8.9810545e-01
   6.6100000e+02   8.9810484e-01
   6.6200000e+02   8.9810408e-01
   6.6300000e+02   8.9810452e-01
   6.6400000e+02   8.9810286e-01
   6.6500000e+02   8.9810376e-01
   6.6600000e+02   8.9810345e-01
   6.6700000e+02   8.9810510e-01
   6.6800000e+02   8.9810464e-01
   6.6900000e+02   8.9810762e-01
   6.7000000e+02   8.9810642e-01
   6.7100000e+02   8.9810656e-01
   6.7200000e+02   8.9810759e-01
   6.7300000e+02   8.9810609e-01
   6.7400000e+02   8.9810415e-01
   6.7500000e+02   8.9810444e-01
   6.7600000e+02   8.9810222e-01
   6.7700000e+02   8.9810162e-01
   6.7800000e+02   8.9810221e-01
   6.7900000e+02   8.9810515e-01
   6.8000000e+02   8.9810618e-01
   6.8100000e+02   8.9810778e-01
   6.8200000e+02   8.9810850e-01
   6.8300000e+02   8.9810835e-01
   6.8400000e+02   8.9810731e-01
   6.8500000e+02   8.9810526e-01
   6.8600000e+02   8.9810554e-01
   6.8700000e+02   8.9810509e-01
   6.8800000e+02   8.9810596e-01
   6.8900000e+02   8.9810726e-01
   6.9000000e+02   8.9810681e-01
   6.9100000e+02   8.9810738e-01
   6.9200000e+02   8.9810723e-01
   6.9300000e+02   8.9810909e-01
   6.9400000e+02   8.9811081e-01
   6.9500000e+02   8.9811108e-01
   6.9600000e+02   8.9811034e-01
   6.9700000e+02   8.9811191e-01
   6.9800000e+02   8.9811089e-01
   6.9900000e+02   8.9811345e-01
   7.0000000e+02   8.9811457e-01
   7.0100000e+02   8.9811526e-01
   7.0200000e+02   8.9811510e-01
   7.0300000e+02   8.9811550e-01
   7.0400000e+02   8.9811562e-01
   7.0500000e+02   8.9811730e-01
   7.0600000e+02   8.9811742e-01
   7.0700000e+02   8.9811782e-01
   7.0800000e+02   8.9808460e-01
   7.0900000e+02   8.9808519e-01
   7.1000000e+02   8.9808732e-01
   7.1100000e+02   8.9808720e-01
   7.1200000e+02   8.9808567e-01
   7.1300000e+02   8.9808696e-01
   7.1400000e+02   8.9808852e-01
   7.1500000e+02   8.9808839e-01
   7.1600000e+02   8.9808925e-01
   7.1700000e+02   8.9808884e-01
   7.1800000e+02   8.9808955e-01
   7.1900000e+02   8.9809013e-01
   7.2000000e+02   8.9809097e-01
   7.2100000e+02   8.9809112e-01
   7.2200000e+02   8.9809072e-01
   7.2300000e+02   8.9809212e-01
   7.2400000e+02   8.9809392e-01
   7.2500000e+02   8.9809421e-01
   7.2600000e+02   8.9809408e-01
   7.2700000e+02   8.9809477e-01
   7.2800000e+02   8.9809354e-01
   7.2900000e+02   8.9809479e-01
   7.3000000e+02   8.9809466e-01
   7.3100000e+02   8.9809535e-01
   7.3200000e+02   8.9809645e-01
   7.3300000e+02   8.9809454e-01
   7.3400000e+02   8.9809619e-01
   7.3500000e+02   8.9809578e-01
   7.3600000e+02   8.9809606e-01
   7.3700000e+02   8.9809837e-01
   7.3800000e+02   8.9809729e-01
   7.3900000e+02   8.9809689e-01
   7.4000000e+02   8.9809581e-01
   7.4100000e+02   8.9809582e-01
   7.4200000e+02   8.9809528e-01
   7.4300000e+02   8.9809341e-01
   7.4400000e+02   8.9809301e-01
   7.4500000e+02   8.9809329e-01
   7.4600000e+02   8.9809129e-01
   7.4700000e+02   8.9808929e-01
   7.4800000e+02   8.9809051e-01
   7.4900000e+02   8.9809065e-01
   7.5000000e+02   8.9809027e-01
   7.5100000e+02   8.9808948e-01
   7.5200000e+02   8.9809109e-01
   7.5300000e+02   8.9809084e-01
   7.5400000e+02   8.9809045e-01
   7.5500000e+02   8.9809060e-01
   7.5600000e+02   8.9809206e-01
   7.5700000e+02   8.9809009e-01
   7.5800000e+02   8.9808892e-01
   7.5900000e+02   8.9808788e-01
   7.6000000e+02   8.9808855e-01
   7.6100000e+02   8.9808804e-01
   7.6200000e+02   8.9808911e-01
   7.6300000e+02   8.9808938e-01
   7.6400000e+02   8.9808809e-01
   7.6500000e+02   8.9808536e-01
   7.6600000e+02   8.9808616e-01
   7.6700000e+02   8.9808683e-01
   7.6800000e+02   8.9808698e-01
   7.6900000e+02   8.9808544e-01
   7.7000000e+02   8.9808584e-01
   7.7100000e+02   8.9808573e-01
   7.7200000e+02   8.9808536e-01
   7.7300000e+02   8.9808512e-01
   7.7400000e+02   8.9808501e-01
   7.7500000e+02   8.9808374e-01
   7.7600000e+02   8.9808441e-01
   7.7700000e+02   8.9808481e-01
   7.7800000e+02   8.9808432e-01
   7.7900000e+02   8.9808190e-01
   7.8000000e+02   8.9808141e-01
   7.8100000e+02   8.9808207e-01
   7.8200000e+02   8.9808210e-01
   7.8300000e+02   8.9808352e-01
   7.8400000e+02   8.9808316e-01
   7.8500000e+02   8.9808344e-01
   7.8600000e+02   8.9808422e-01
   7.8700000e+02   8.9808564e-01
   7.8800000e+02   8.9808503e-01
   7.8900000e+02   8.9808454e-01
   7.9000000e+02   8.9808506e-01
   7.9100000e+02   8.9808344e-01
   7.9200000e+02   8.9808396e-01
   7.9300000e+02   8.9808449e-01
   7.9400000e+02   8.9808325e-01
   7.9500000e+02   8.9808465e-01
   7.9600000e+02   8.9808693e-01
   7.9700000e+02   8.9808620e-01
   7.9800000e+02   8.9808672e-01
   7.9900000e+02   8.9808736e-01
   8.0000000e+02   8.9808750e-01
   8.0100000e+02   8.9808739e-01
   8.0200000e+02   8.9808666e-01
   8.0300000e+02   8.9808917e-01
   8.0400000e+02   8.9808943e-01
   8.0500000e+02   8.9809043e-01
   8.0600000e+02   8.9809057e-01
   8.0700000e+02   8.9809182e-01
   8.0800000e+02   8.9809319e-01
   8.0900000e+02   8.9809357e-01
   8.1000000e+02   8.9809642e-01
   8.1100000e+02   8.9809803e-01
   8.1200000e+02   8.9809852e-01
   8.1300000e+02   8.9809803e-01
   8.1400000e+02   8.9809840e-01
   8.1500000e+02   8.9809791e-01
   8.1600000e+02   8.9809424e-01
   8.1700000e+02   8.9809425e-01
   8.1800000e+02   8.9809425e-01
   8.1900000e+02   8.9809402e-01
   8.2000000e+02   8.9809427e-01
   8.2100000e+02   8.9809428e-01
   8.2200000e+02   8.9809440e-01
   8.2300000e+02   8.9809429e-01
   8.2400000e+02   8.9809466e-01
   8.2500000e+02   8.9809539e-01
   8.2600000e+02   8.9809673e-01
   8.2700000e+02   8.9809661e-01
   8.2800000e+02   8.9809722e-01
   8.2900000e+02   8.9809759e-01
   8.3000000e+02   8.9809723e-01
   8.3100000e+02   8.9809807e-01
   8.3200000e+02   8.9809940e-01
   8.3300000e+02   8.9809832e-01
   8.3400000e+02   8.9809832e-01
   8.3500000e+02   8.9809725e-01
   8.3600000e+02   8.9809486e-01
   8.3700000e+02   8.9809450e-01
   8.3800000e+02   8.9809487e-01
   8.3900000e+02   8.9809464e-01
   8.4000000e+02   8.9809452e-01
   8.4100000e+02   8.9809346e-01
   8.4200000e+02   8.9809276e-01
   8.4300000e+02   8.9809276e-01
   8.4400000e+02   8.9809265e-01
   8.4500000e+02   8.9809030e-01
   8.4600000e+02   8.9809125e-01
   8.4700000e+02   8.9809103e-01
   8.4800000e+02   8.9809092e-01
   8.4900000e+02   8.9808940e-01
   8.5000000e+02   8.9808929e-01
   8.5100000e+02   8.9809072e-01
   8.5200000e+02   8.9809085e-01
   8.5300000e+02   8.9809215e-01
   8.5400000e+02   8.9809122e-01
   8.5500000e+02   8.9809029e-01
   8.5600000e+02   8.9809065e-01
   8.5700000e+02   8.9809207e-01
   8.5800000e+02   8.9809324e-01
   8.5900000e+02   8.9809278e-01
   8.6000000e+02   8.9809314e-01
   8.6100000e+02   8.9809141e-01
   8.6200000e+02   8.9809153e-01
   8.6300000e+02   8.9809224e-01
   8.6400000e+02   8.9809213e-01
   8.6500000e+02   8.9809156e-01
   8.6600000e+02   8.9809134e-01
   8.6700000e+02   8.9809170e-01
   8.6800000e+02   8.9809205e-01
   8.6900000e+02   8.9809298e-01
   8.7000000e+02   8.9809230e-01
   8.7100000e+02   8.9809254e-01
   8.7200000e+02   8.9809220e-01
   8.7300000e+02   8.9809152e-01
   8.7400000e+02   8.9809142e-01
   8.7500000e+02   8.9809211e-01
   8.7600000e+02   8.9809075e-01
   8.7700000e+02   8.9809042e-01
   8.7800000e+02   8.9809009e-01
   8.7900000e+02   8.9808987e-01
   8.8000000e+02   8.9808920e-01
   8.8100000e+02   8.9808944e-01
   8.8200000e+02   8.9808866e-01
   8.8300000e+02   8.9808856e-01
   8.8400000e+02   8.9808790e-01
   8.8500000e+02   8.9808791e-01
   8.8600000e+02   8.9808702e-01
   8.8700000e+02   8.9808782e-01
   8.8800000e+02   8.9808761e-01
   8.8900000e+02   8.9808751e-01
   8.9000000e+02   8.9808831e-01
   8.9100000e+02   8.9808934e-01
   8.9200000e+02   8.9808879e-01
   8.9300000e+02   8.9808970e-01
   8.9400000e+02   8.9808870e-01
   8.9500000e+02   8.9808804e-01
   8.9600000e+02   8.9808940e-01
   8.9700000e+02   8.9808863e-01
   8.9800000e+02   8.9808831e-01
   8.9900000e+02   8.9808843e-01
   9.0000000e+02   8.9808767e-01
   9.0100000e+02   8.9808746e-01
   9.0200000e+02   8.9808780e-01
   9.0300000e+02   8.9808682e-01
   9.0400000e+02   8.9808662e-01
   9.0500000e+02   8.9808608e-01
   9.0600000e+02   8.9808543e-01
   9.0700000e+02   8.9808611e-01
   9.0800000e+02   8.9808711e-01
   9.0900000e+02   8.9808636e-01
   9.1000000e+02   8.9808637e-01
   9.1100000e+02   8.9808672e-01
   9.1200000e+02   8.9808586e-01
   9.1300000e+02   8.9808434e-01
   9.1400000e+02   8.9808446e-01
   9.1500000e+02   8.9808525e-01
   9.1600000e+02   8.9808526e-01
   9.1700000e+02   8.9808561e-01
   9.1800000e+02   8.9808584e-01
   9.1900000e+02   8.9808531e-01
   9.2000000e+02   8.9808641e-01
   9.2100000e+02   8.9808708e-01
   9.2200000e+02   8.9808720e-01
   9.2300000e+02   8.9808787e-01
   9.2400000e+02   8.9808669e-01
   9.2500000e+02   8.9808638e-01
   9.2600000e+02   8.9808607e-01
   9.2700000e+02   8.9808565e-01
   9.2800000e+02   8.9808416e-01
   9.2900000e+02   8.9808536e-01
   9.3000000e+02   8.9808570e-01
   9.3100000e+02   8.9808614e-01
   9.3200000e+02   8.9808594e-01
   9.3300000e+02   8.9808692e-01
   9.3400000e+02   8.9808812e-01
   9.3500000e+02   8.9808781e-01
   9.3600000e+02   8.9808697e-01
   9.3700000e+02   8.9808719e-01
   9.3800000e+02   8.9808646e-01
   9.3900000e+02   8.9808381e-01
   9.4000000e+02   8.9808266e-01
   9.4100000e+02   8.9808257e-01
   9.4200000e+02   8.9808301e-01
   9.4300000e+02   8.9808229e-01
   9.4400000e+02   8.9808167e-01
   9.4500000e+02   8.9808106e-01
   9.4600000e+02   8.9808076e-01
   9.4700000e+02   8.9807983e-01
   9.4800000e+02   8.9807964e-01
   9.4900000e+02   8.9807945e-01
   9.5000000e+02   8.9807905e-01
   9.5100000e+02   8.9807750e-01
   9.5200000e+02   8.9807857e-01
   9.5300000e+02   8.9807765e-01
   9.5400000e+02   8.9807820e-01
   9.5500000e+02   8.9807749e-01
   9.5600000e+02   8.9807866e-01
   9.5700000e+02   8.9807827e-01
   9.5800000e+02   8.9807902e-01
   9.5900000e+02   8.9807987e-01
   9.6000000e+02   8.9807802e-01
   9.6100000e+02   8.9807908e-01
   9.6200000e+02   8.9807994e-01
   9.6300000e+02   8.9808037e-01
   9.6400000e+02   8.9808102e-01
   9.6500000e+02   8.9808135e-01
   9.6600000e+02   8.9808261e-01
   9.6700000e+02   8.9808376e-01
   9.6800000e+02   8.9808481e-01
   9.6900000e+02   8.9808514e-01
   9.7000000e+02   8.9808485e-01
   9.7100000e+02   8.9808321e-01
   9.7200000e+02   8.9808323e-01
   9.7300000e+02   8.9808243e-01
   9.7400000e+02   8.9808131e-01
   9.7500000e+02   8.9808205e-01
   9.7600000e+02   8.9808350e-01
   9.7700000e+02   8.9808444e-01
   9.7800000e+02   8.9808415e-01
   9.7900000e+02   8.9808396e-01
   9.8000000e+02   8.9808418e-01
   9.8100000e+02   8.9808502e-01
   9.8200000e+02   8.9808462e-01
   9.8300000e+02   8.9808555e-01
   9.8400000e+02   8.9808598e-01
   9.8500000e+02   8.9808670e-01
   9.8600000e+02   8.9808631e-01
   9.8700000e+02   8.9808592e-01
   9.8800000e+02   8.9808674e-01
   9.8900000e+02   8.9808686e-01
   9.9000000e+02   8.9808556e-01
   9.9100000e+02   8.9808557e-01
   9.9200000e+02   8.9808548e-01
   9.9300000e+02   8.9808399e-01
   9.9400000e+02   8.9808350e-01
   9.9500000e+02   8.9808241e-01
   9.9600000e+02   8.9808243e-01
   9.9700000e+02   8.9808205e-01
   9.9800000e+02   8.9808246e-01
   9.9900000e+02   8.9808228e-01
   1.0000000e+03   8.9808190e-01
